{
    "asset": {
        "version": "2.0",
        "generator": "Open Asset Import Library (assimp v5.0.5eb040c7)"
    },
    "accessors": [
        {
            "bufferView": 0,
            "byteOffset": 0,
            "componentType": 5126,
            "count": 2241,
            "type": "VEC3",
            "max": [
                6.47068977355957,
                75.09149169921875,
                87.87135314941406
            ],
            "min": [
                -5.5788397789001469,
                68.0843734741211,
                70.54006958007813
            ]
        },
        {
            "bufferView": 1,
            "byteOffset": 0,
            "componentType": 5126,
            "count": 2241,
            "type": "VEC3",
            "max": [
                0.9997978210449219,
                0.9998511075973511,
                0.9994347095489502
            ],
            "min": [
                -0.9998050928115845,
                -0.9992032647132874,
                -0.9998703002929688
            ]
        },
        {
            "bufferView": 2,
            "byteOffset": 0,
            "componentType": 5126,
            "count": 2241,
            "type": "VEC2",
            "max": [
                0.9924299716949463,
                0.9980499744415283
            ],
            "min": [
                0.0019499999471008778,
                0.00195997953414917
            ]
        },
        {
            "bufferView": 3,
            "byteOffset": 0,
            "componentType": 5125,
            "count": 10860,
            "type": "SCALAR",
            "max": [
                2240
            ],
            "min": [
                0
            ]
        },
        {
            "bufferView": 4,
            "byteOffset": 0,
            "componentType": 5123,
            "count": 2241,
            "type": "VEC4",
            "max": [
                23,
                23,
                0,
                0
            ],
            "min": [
                21,
                0,
                0,
                0
            ]
        },
        {
            "bufferView": 5,
            "byteOffset": 0,
            "componentType": 5126,
            "count": 2241,
            "type": "VEC4",
            "max": [
                1.0,
                0.9985951781272888,
                0.0,
                0.0
            ],
            "min": [
                0.0014048046432435513,
                0.0,
                0.0,
                0.0
            ]
        },
        {
            "bufferView": 6,
            "byteOffset": 0,
            "componentType": 5126,
            "count": 6666,
            "type": "VEC3",
            "max": [
                18.447509765625,
                96.68685913085938,
                91.28206634521485
            ],
            "min": [
                -17.41370964050293,
                -0.048700001090765,
                -95.57611083984375
            ]
        },
        {
            "bufferView": 7,
            "byteOffset": 0,
            "componentType": 5126,
            "count": 6666,
            "type": "VEC3",
            "max": [
                0.9999980926513672,
                0.9999632239341736,
                0.9996036887168884
            ],
            "min": [
                -0.9999555945396423,
                -0.9999985694885254,
                -0.9980499744415283
            ]
        },
        {
            "bufferView": 8,
            "byteOffset": 0,
            "componentType": 5126,
            "count": 6666,
            "type": "VEC2",
            "max": [
                0.9154499769210815,
                0.9980499744415283
            ],
            "min": [
                0.0019499999471008778,
                0.00195997953414917
            ]
        },
        {
            "bufferView": 9,
            "byteOffset": 0,
            "componentType": 5125,
            "count": 37932,
            "type": "SCALAR",
            "max": [
                6665
            ],
            "min": [
                0
            ]
        },
        {
            "bufferView": 10,
            "byteOffset": 0,
            "componentType": 5123,
            "count": 6666,
            "type": "VEC4",
            "max": [
                32,
                32,
                32,
                27
            ],
            "min": [
                0,
                0,
                0,
                0
            ]
        },
        {
            "bufferView": 11,
            "byteOffset": 0,
            "componentType": 5126,
            "count": 6666,
            "type": "VEC4",
            "max": [
                1.0,
                0.9990000128746033,
                0.9959623217582703,
                0.9419999718666077
            ],
            "min": [
                0.0010000000474974514,
                0.0,
                0.0,
                0.0
            ]
        },
        {
            "bufferView": 12,
            "byteOffset": 0,
            "componentType": 5126,
            "count": 394,
            "type": "VEC3",
            "max": [
                9.220404624938965,
                82.3427734375,
                83.791748046875
            ],
            "min": [
                3.5076098442077638,
                76.73976135253906,
                78.2449722290039
            ]
        },
        {
            "bufferView": 13,
            "byteOffset": 0,
            "componentType": 5125,
            "count": 2352,
            "type": "SCALAR",
            "max": [
                393
            ],
            "min": [
                0
            ]
        },
        {
            "bufferView": 14,
            "byteOffset": 0,
            "componentType": 5123,
            "count": 394,
            "type": "VEC4",
            "max": [
                24,
                0,
                0,
                0
            ],
            "min": [
                24,
                0,
                0,
                0
            ]
        },
        {
            "bufferView": 15,
            "byteOffset": 0,
            "componentType": 5126,
            "count": 394,
            "type": "VEC4",
            "max": [
                1.0,
                0.0,
                0.0,
                0.0
            ],
            "min": [
                1.0,
                0.0,
                0.0,
                0.0
            ]
        },
        {
            "bufferView": 16,
            "byteOffset": 0,
            "componentType": 5126,
            "count": 426,
            "type": "VEC3",
            "max": [
                9.093997955322266,
                82.26990509033203,
                83.2904052734375
            ],
            "min": [
                3.5415639877319338,
                76.83132934570313,
                78.22517395019531
            ]
        },
        {
            "bufferView": 17,
            "byteOffset": 0,
            "componentType": 5125,
            "count": 2544,
            "type": "SCALAR",
            "max": [
                425
            ],
            "min": [
                0
            ]
        },
        {
            "bufferView": 18,
            "byteOffset": 0,
            "componentType": 5123,
            "count": 426,
            "type": "VEC4",
            "max": [
                24,
                0,
                0,
                0
            ],
            "min": [
                24,
                0,
                0,
                0
            ]
        },
        {
            "bufferView": 19,
            "byteOffset": 0,
            "componentType": 5126,
            "count": 426,
            "type": "VEC4",
            "max": [
                1.0,
                0.0,
                0.0,
                0.0
            ],
            "min": [
                1.0,
                0.0,
                0.0,
                0.0
            ]
        },
        {
            "bufferView": 20,
            "byteOffset": 0,
            "componentType": 5126,
            "count": 426,
            "type": "VEC3",
            "max": [
                -2.610323905944824,
                82.26990509033203,
                83.2904052734375
            ],
            "min": [
                -8.162757873535157,
                76.83132934570313,
                78.22517395019531
            ]
        },
        {
            "bufferView": 21,
            "byteOffset": 0,
            "componentType": 5125,
            "count": 2544,
            "type": "SCALAR",
            "max": [
                425
            ],
            "min": [
                0
            ]
        },
        {
            "bufferView": 22,
            "byteOffset": 0,
            "componentType": 5123,
            "count": 426,
            "type": "VEC4",
            "max": [
                25,
                0,
                0,
                0
            ],
            "min": [
                25,
                0,
                0,
                0
            ]
        },
        {
            "bufferView": 23,
            "byteOffset": 0,
            "componentType": 5126,
            "count": 426,
            "type": "VEC4",
            "max": [
                1.0,
                0.0,
                0.0,
                0.0
            ],
            "min": [
                1.0,
                0.0,
                0.0,
                0.0
            ]
        },
        {
            "bufferView": 24,
            "byteOffset": 0,
            "componentType": 5126,
            "count": 394,
            "type": "VEC3",
            "max": [
                -2.5763697624206545,
                82.3427734375,
                83.791748046875
            ],
            "min": [
                -8.289164543151856,
                76.73976135253906,
                78.2449722290039
            ]
        },
        {
            "bufferView": 25,
            "byteOffset": 0,
            "componentType": 5125,
            "count": 2352,
            "type": "SCALAR",
            "max": [
                393
            ],
            "min": [
                0
            ]
        },
        {
            "bufferView": 26,
            "byteOffset": 0,
            "componentType": 5123,
            "count": 394,
            "type": "VEC4",
            "max": [
                25,
                0,
                0,
                0
            ],
            "min": [
                25,
                0,
                0,
                0
            ]
        },
        {
            "bufferView": 27,
            "byteOffset": 0,
            "componentType": 5126,
            "count": 394,
            "type": "VEC4",
            "max": [
                1.0,
                0.0,
                0.0,
                0.0
            ],
            "min": [
                1.0,
                0.0,
                0.0,
                0.0
            ]
        },
        {
            "bufferView": 28,
            "byteOffset": 0,
            "componentType": 5126,
            "count": 33,
            "type": "MAT4",
            "max": [
                1.0000003576278687,
                0.0,
                0.0,
                0.0,
                0.0,
                1.000000238418579,
                0.0,
                0.0,
                0.0,
                1.2246464555384739e-16,
                1.0000003576278687,
                0.0,
                11.733186721801758,
                79.54988098144531,
                95.52964782714844,
                1.0
            ],
            "min": [
                0.9999996423721314,
                0.0,
                0.0,
                0.0,
                0.0,
                -0.9999998807907105,
                -1.2246464555384739e-16,
                0.0,
                0.0,
                0.0,
                -0.9999997615814209,
                0.0,
                -11.733186721801758,
                -81.14501190185547,
                -81.26998901367188,
                1.0
            ]
        }
    ],
    "buffers": [
        {
            "byteLength": 878656,
            "uri": "result.bin"
        }
    ],
    "bufferViews": [
        {
            "buffer": 0,
            "byteOffset": 0,
            "byteLength": 26892,
            "target": 34962
        },
        {
            "buffer": 0,
            "byteOffset": 26892,
            "byteLength": 26892,
            "target": 34962
        },
        {
            "buffer": 0,
            "byteOffset": 53784,
            "byteLength": 17928,
            "target": 34962
        },
        {
            "buffer": 0,
            "byteOffset": 71712,
            "byteLength": 43440,
            "target": 34963
        },
        {
            "buffer": 0,
            "byteOffset": 115152,
            "byteLength": 17928,
            "target": 34962
        },
        {
            "buffer": 0,
            "byteOffset": 151008,
            "byteLength": 35856,
            "target": 34962
        },
        {
            "buffer": 0,
            "byteOffset": 186864,
            "byteLength": 79992,
            "target": 34962
        },
        {
            "buffer": 0,
            "byteOffset": 266856,
            "byteLength": 79992,
            "target": 34962
        },
        {
            "buffer": 0,
            "byteOffset": 346848,
            "byteLength": 53328,
            "target": 34962
        },
        {
            "buffer": 0,
            "byteOffset": 400176,
            "byteLength": 151728,
            "target": 34963
        },
        {
            "buffer": 0,
            "byteOffset": 551904,
            "byteLength": 53328,
            "target": 34962
        },
        {
            "buffer": 0,
            "byteOffset": 658560,
            "byteLength": 106656,
            "target": 34962
        },
        {
            "buffer": 0,
            "byteOffset": 765216,
            "byteLength": 4728,
            "target": 34962
        },
        {
            "buffer": 0,
            "byteOffset": 769944,
            "byteLength": 9408,
            "target": 34963
        },
        {
            "buffer": 0,
            "byteOffset": 779352,
            "byteLength": 3152,
            "target": 34962
        },
        {
            "buffer": 0,
            "byteOffset": 785656,
            "byteLength": 6304,
            "target": 34962
        },
        {
            "buffer": 0,
            "byteOffset": 791960,
            "byteLength": 5112,
            "target": 34962
        },
        {
            "buffer": 0,
            "byteOffset": 797072,
            "byteLength": 10176,
            "target": 34963
        },
        {
            "buffer": 0,
            "byteOffset": 807248,
            "byteLength": 3408,
            "target": 34962
        },
        {
            "buffer": 0,
            "byteOffset": 814064,
            "byteLength": 6816,
            "target": 34962
        },
        {
            "buffer": 0,
            "byteOffset": 820880,
            "byteLength": 5112,
            "target": 34962
        },
        {
            "buffer": 0,
            "byteOffset": 825992,
            "byteLength": 10176,
            "target": 34963
        },
        {
            "buffer": 0,
            "byteOffset": 836168,
            "byteLength": 3408,
            "target": 34962
        },
        {
            "buffer": 0,
            "byteOffset": 842984,
            "byteLength": 6816,
            "target": 34962
        },
        {
            "buffer": 0,
            "byteOffset": 849800,
            "byteLength": 4728,
            "target": 34962
        },
        {
            "buffer": 0,
            "byteOffset": 854528,
            "byteLength": 9408,
            "target": 34963
        },
        {
            "buffer": 0,
            "byteOffset": 863936,
            "byteLength": 3152,
            "target": 34962
        },
        {
            "buffer": 0,
            "byteOffset": 870240,
            "byteLength": 6304,
            "target": 34962
        },
        {
            "buffer": 0,
            "byteOffset": 876544,
            "byteLength": 2112,
            "target": 34962
        }
    ],
    "images": [
        {
            "uri": "cat09xxx8-TM_u0_v0.png"
        },
        {
            "uri": "cat09xxx10-TM_u0_v0.png"
        },
        {
            "uri": "catEye02_06-TM_u0_v0.png"
        }
    ],
    "materials": [
        {
            "name": "anisotropic2",
            "pbrMetallicRoughness": {
                "baseColorTexture": {
                    "index": 0
                },
                "baseColorFactor": [
                    0.800000011920929,
                    0.800000011920929,
                    0.800000011920929,
                    1.0
                ],
                "metallicFactor": 0.0
            }
        },
        {
            "name": "anisotropic1",
            "pbrMetallicRoughness": {
                "baseColorTexture": {
                    "index": 1
                },
                "baseColorFactor": [
                    0.800000011920929,
                    0.800000011920929,
                    0.800000011920929,
                    1.0
                ],
                "metallicFactor": 0.0
            }
        },
        {
            "name": "blinn1",
            "pbrMetallicRoughness": {
                "baseColorFactor": [
                    1.0,
                    1.0,
                    1.0,
                    0.10257112979888916
                ],
                "metallicFactor": 0.0,
                "roughnessFactor": 0.9602766036987305
            },
            "emissiveFactor": [
                1.0,
                1.0,
                1.0
            ],
            "alphaMode": "BLEND"
        },
        {
            "name": "anisotropic3",
            "pbrMetallicRoughness": {
                "baseColorTexture": {
                    "index": 2
                },
                "baseColorFactor": [
                    0.800000011920929,
                    0.800000011920929,
                    0.800000011920929,
                    1.0
                ],
                "metallicFactor": 0.0
            }
        }
    ],
    "meshes": [
        {
            "name": "CatBody01",
            "primitives": [
                {
                    "mode": 4,
                    "material": 0,
                    "indices": 3,
                    "attributes": {
                        "POSITION": 0,
                        "NORMAL": 1,
                        "TEXCOORD_0": 2,
                        "JOINTS_0": 4,
                        "WEIGHTS_0": 5
                    }
                },
                {
                    "mode": 4,
                    "material": 1,
                    "indices": 9,
                    "attributes": {
                        "POSITION": 6,
                        "NORMAL": 7,
                        "TEXCOORD_0": 8,
                        "JOINTS_0": 10,
                        "WEIGHTS_0": 11
                    }
                }
            ]
        },
        {
            "name": "eye_outL",
            "primitives": [
                {
                    "mode": 4,
                    "material": 2,
                    "indices": 13,
                    "attributes": {
                        "POSITION": 12,
                        "JOINTS_0": 14,
                        "WEIGHTS_0": 15
                    }
                }
            ]
        },
        {
            "name": "EyeL01",
            "primitives": [
                {
                    "mode": 4,
                    "material": 3,
                    "indices": 17,
                    "attributes": {
                        "POSITION": 16,
                        "JOINTS_0": 18,
                        "WEIGHTS_0": 19
                    }
                }
            ]
        },
        {
            "name": "EyeR01",
            "primitives": [
                {
                    "mode": 4,
                    "material": 3,
                    "indices": 21,
                    "attributes": {
                        "POSITION": 20,
                        "JOINTS_0": 22,
                        "WEIGHTS_0": 23
                    }
                }
            ]
        },
        {
            "name": "eye_outR",
            "primitives": [
                {
                    "mode": 4,
                    "material": 2,
                    "indices": 25,
                    "attributes": {
                        "POSITION": 24,
                        "JOINTS_0": 26,
                        "WEIGHTS_0": 27
                    }
                }
            ]
        }
    ],
    "nodes": [
        {
            "name": "RootNode",
            "children": [
                1,
                2,
                38,
                49
            ]
        },
        {
            "name": "CatBody01",
            "mesh": 0,
            "skeletons": [
                2,
                2
            ],
            "skin": 0
        },
        {
            "name": "Character1_Reference",
            "matrix": [
                1.0,
                0.0,
                0.0,
                0.0,
                0.0,
                1.0,
                0.0,
                0.0,
                0.0,
                0.0,
                1.0,
                0.0,
                0.0,
                -48.279632568359378,
                0.0,
                1.0
            ],
            "children": [
                3
            ]
        },
        {
            "name": "Character1_Hips",
            "matrix": [
                1.0,
                0.0,
                0.0,
                0.0,
                0.0,
                0.47102150321006777,
                -0.882121741771698,
                0.0,
                0.0,
                0.882121741771698,
                0.47102150321006777,
                0.0,
                0.0,
                62.6140022277832,
                -41.913169860839847,
                1.0
            ],
            "children": [
                4,
                8,
                12,
                31
            ],
            "jointName": "Character1_Hips"
        },
        {
            "name": "Character1_LeftUpLeg",
            "matrix": [
                0.9999082684516907,
                0.006936199963092804,
                -0.011632240377366543,
                0.0,
                -0.0032452994491904976,
                0.9565846920013428,
                0.2914366126060486,
                0.0,
                0.013148684985935688,
                -0.291372150182724,
                0.9565194249153137,
                0.0,
                8.910003662109375,
                0.1309662163257599,
                2.1754233837127687,
                1.0
            ],
            "children": [
                5
            ],
            "jointName": "Character1_LeftUpLeg"
        },
        {
            "name": "Character1_LeftLeg",
            "matrix": [
                1.0,
                0.0,
                0.0,
                0.0,
                0.0,
                0.2393687218427658,
                0.9709287285804749,
                0.0,
                0.0,
                -0.9709287285804749,
                0.2393687218427658,
                0.0,
                0.0,
                -11.504091262817383,
                17.670303344726564,
                1.0
            ],
            "children": [
                6
            ],
            "jointName": "Character1_LeftLeg"
        },
        {
            "name": "Character1_LeftFoot",
            "matrix": [
                1.0,
                0.0,
                0.0,
                0.0,
                0.0,
                0.061609163880348209,
                -0.9981003403663635,
                0.0,
                0.0,
                0.9981003403663635,
                0.061609163880348209,
                0.0,
                2.823185682296753,
                -28.170154571533204,
                -18.175289154052736,
                1.0
            ],
            "children": [
                7
            ],
            "jointName": "Character1_LeftFoot"
        },
        {
            "name": "Character1_LeftToeBase",
            "matrix": [
                1.0,
                0.0,
                0.0,
                0.0,
                0.0,
                0.641014814376831,
                0.7675285339355469,
                0.0,
                0.0,
                -0.7675285339355469,
                0.641014814376831,
                0.0,
                -0.24091127514839173,
                -20.07184410095215,
                10.348030090332032,
                1.0
            ],
            "jointName": "Character1_LeftToeBase"
        },
        {
            "name": "Character1_RightUpLeg",
            "matrix": [
                0.9999082684516907,
                0.006936199963092804,
                -0.011632240377366543,
                0.0,
                -0.0032452994491904976,
                0.9565846920013428,
                0.2914366126060486,
                0.0,
                0.013148684985935688,
                -0.291372150182724,
                0.9565194249153137,
                0.0,
                -8.910003662109375,
                0.1309662163257599,
                2.1754233837127687,
                1.0
            ],
            "children": [
                9
            ],
            "jointName": "Character1_RightUpLeg"
        },
        {
            "name": "Character1_RightLeg",
            "matrix": [
                1.0,
                0.0,
                0.0,
                0.0,
                0.0,
                0.2393687218427658,
                0.9709287285804749,
                0.0,
                0.0,
                -0.9709287285804749,
                0.2393687218427658,
                0.0,
                0.0,
                -11.504090309143067,
                17.670303344726564,
                1.0
            ],
            "children": [
                10
            ],
            "jointName": "Character1_RightLeg"
        },
        {
            "name": "Character1_RightFoot",
            "matrix": [
                1.0,
                0.0,
                0.0,
                0.0,
                0.0,
                0.061609163880348209,
                -0.9981003403663635,
                0.0,
                0.0,
                0.9981003403663635,
                0.061609163880348209,
                0.0,
                -2.8231852054595949,
                -28.170154571533204,
                -18.175289154052736,
                1.0
            ],
            "children": [
                11
            ],
            "jointName": "Character1_RightFoot"
        },
        {
            "name": "Character1_RightToeBase",
            "matrix": [
                1.0,
                0.0,
                0.0,
                0.0,
                0.0,
                0.641014814376831,
                0.7675285339355469,
                0.0,
                0.0,
                -0.7675285339355469,
                0.641014814376831,
                0.0,
                0.24091118574142457,
                -20.07184600830078,
                10.348031044006348,
                1.0
            ],
            "jointName": "Character1_RightToeBase"
        },
        {
            "name": "Character1_Spine",
            "matrix": [
                1.0,
                0.0,
                0.0,
                0.0,
                0.0,
                0.9650657773017883,
                -0.26200762391090395,
                0.0,
                0.0,
                0.26200762391090395,
                0.9650657773017883,
                0.0,
                0.0,
                7.000005722045898,
                5.304628372192383,
                1.0
            ],
            "children": [
                13
            ],
            "jointName": "Character1_Spine"
        },
        {
            "name": "Character1_Spine1",
            "matrix": [
                1.0,
                0.0,
                0.0,
                0.0,
                0.0,
                0.7532044649124146,
                0.65778648853302,
                0.0,
                0.0,
                -0.65778648853302,
                0.7532044649124146,
                0.0,
                0.0,
                4.039407730102539,
                34.47673797607422,
                1.0
            ],
            "children": [
                14
            ],
            "jointName": "Character1_Spine1"
        },
        {
            "name": "Character1_Spine2",
            "matrix": [
                1.0,
                0.0,
                0.0,
                0.0,
                0.0,
                0.9959234595298767,
                0.09020238369703293,
                0.0,
                0.0,
                -0.09020238369703293,
                0.9959234595298767,
                0.0,
                0.0,
                -2.4859254360198976,
                25.998394012451173,
                1.0
            ],
            "children": [
                15
            ],
            "jointName": "Character1_Spine2"
        },
        {
            "name": "Character1_Spine3",
            "matrix": [
                1.0,
                0.0,
                0.0,
                0.0,
                0.0,
                0.9294939637184143,
                0.3688373267650604,
                0.0,
                0.0,
                -0.3688373267650604,
                0.9294939637184143,
                0.0,
                0.0,
                -8.323358535766602,
                13.827424049377442,
                1.0
            ],
            "children": [
                16,
                20,
                24
            ],
            "jointName": "Character1_Spine3"
        },
        {
            "name": "Character1_LeftShoulder",
            "matrix": [
                1.0,
                0.0,
                0.0,
                0.0,
                0.0,
                0.981930673122406,
                -0.1892409771680832,
                0.0,
                0.0,
                0.1892409771680832,
                0.981930673122406,
                0.0,
                7.39394474029541,
                -2.7135393619537355,
                6.175866603851318,
                1.0
            ],
            "children": [
                17
            ],
            "jointName": "Character1_LeftShoulder"
        },
        {
            "name": "Character1_LeftArm",
            "matrix": [
                0.9975479245185852,
                -0.06718268990516663,
                -0.019608667120337487,
                0.0,
                0.0657777488231659,
                0.8043272495269775,
                0.5905343890190125,
                0.0,
                -0.02390190213918686,
                -0.5903761982917786,
                0.8067741990089417,
                0.0,
                3.662726879119873,
                -12.119274139404297,
                -16.117210388183595,
                1.0
            ],
            "children": [
                18
            ],
            "jointName": "Character1_LeftArm"
        },
        {
            "name": "Character1_LeftForeArm",
            "matrix": [
                1.0,
                0.0,
                0.0,
                0.0,
                0.0,
                1.0,
                0.0,
                0.0,
                0.0,
                0.0,
                1.0,
                0.0,
                -1.771662950515747,
                -30.73761558532715,
                9.297733306884766,
                1.0
            ],
            "children": [
                19
            ],
            "jointName": "Character1_LeftForeArm"
        },
        {
            "name": "Character1_LeftHand",
            "matrix": [
                1.0,
                0.0,
                0.0,
                0.0,
                0.0,
                1.0,
                0.0,
                0.0,
                0.0,
                0.0,
                1.0,
                0.0,
                -0.08921694755554199,
                -11.890254020690918,
                6.245767593383789,
                1.0
            ],
            "jointName": "Character1_LeftHand"
        },
        {
            "name": "Character1_RightShoulder",
            "matrix": [
                1.0,
                0.0,
                0.0,
                0.0,
                0.0,
                0.981930673122406,
                -0.1892409771680832,
                0.0,
                0.0,
                0.1892409771680832,
                0.981930673122406,
                0.0,
                -7.393945217132568,
                -2.7135393619537355,
                6.17586612701416,
                1.0
            ],
            "children": [
                21
            ],
            "jointName": "Character1_RightShoulder"
        },
        {
            "name": "Character1_RightArm",
            "matrix": [
                0.9955543279647827,
                0.09041673690080643,
                0.026390008628368379,
                0.0,
                -0.0885259211063385,
                0.8025285005569458,
                0.5900093913078308,
                0.0,
                0.03216799348592758,
                -0.5897226333618164,
                0.8069649338722229,
                0.0,
                -3.6627261638641359,
                -12.119271278381348,
                -16.11720848083496,
                1.0
            ],
            "children": [
                22
            ],
            "jointName": "Character1_RightArm"
        },
        {
            "name": "Character1_RightForeArm",
            "matrix": [
                1.0,
                0.0,
                0.0,
                0.0,
                0.0,
                1.0,
                0.0,
                0.0,
                0.0,
                0.0,
                1.0,
                0.0,
                1.7716622352600098,
                -30.73761558532715,
                9.297734260559082,
                1.0
            ],
            "children": [
                23
            ],
            "jointName": "Character1_RightForeArm"
        },
        {
            "name": "Character1_RightHand",
            "matrix": [
                1.0,
                0.0,
                0.0,
                0.0,
                0.0,
                1.0,
                0.0,
                0.0,
                0.0,
                0.0,
                1.0,
                0.0,
                0.08921632915735245,
                -11.890251159667969,
                6.2457661628723148,
                1.0
            ],
            "jointName": "Character1_RightHand"
        },
        {
            "name": "Character1_Neck",
            "matrix": [
                0.9576424956321716,
                -0.28652840852737429,
                -0.0286776851862669,
                0.0,
                0.2525150179862976,
                0.8834595680236816,
                -0.3946331739425659,
                0.0,
                0.13840919733047486,
                0.3706759214401245,
                0.9183911085128784,
                0.0,
                -4.825764676752442e-7,
                3.296382188796997,
                4.115139484405518,
                1.0
            ],
            "children": [
                25
            ],
            "jointName": "Character1_Neck"
        },
        {
            "name": "Character1_Neck1",
            "matrix": [
                0.8951983451843262,
                0.15761573612689973,
                -0.4168659746646881,
                0.0,
                -0.11744612455368042,
                0.985741913318634,
                0.12049642205238342,
                0.0,
                0.4299143850803375,
                -0.05890890210866928,
                0.9009458422660828,
                0.0,
                -1.1469958138832226e-7,
                10.083780288696289,
                17.717538833618165,
                1.0
            ],
            "children": [
                26
            ],
            "jointName": "Character1_Neck1"
        },
        {
            "name": "Character1_Head",
            "matrix": [
                0.9780279397964478,
                0.20741230249404908,
                -0.021011661738157274,
                0.0,
                -0.20485125482082368,
                0.9748466610908508,
                0.08780620247125626,
                0.0,
                0.038695234805345538,
                -0.08157264441251755,
                0.995915949344635,
                0.0,
                -1.384160555062408e-7,
                4.920710563659668,
                14.61400032043457,
                1.0
            ],
            "children": [
                27,
                28
            ],
            "jointName": "Character1_Head"
        },
        {
            "name": "Character1_EyeL",
            "matrix": [
                1.0,
                0.0,
                0.0,
                0.0,
                0.0,
                1.0,
                0.0,
                0.0,
                0.0,
                0.0,
                1.0,
                0.0,
                6.3194780349731449,
                -1.5950666666030884,
                7.129324436187744,
                1.0
            ],
            "jointName": "Character1_EyeL"
        },
        {
            "name": "Character1_EyeR_$AssimpFbx$_Translation",
            "matrix": [
                1.0,
                0.0,
                0.0,
                0.0,
                0.0,
                1.0,
                0.0,
                0.0,
                0.0,
                0.0,
                1.0,
                0.0,
                -6.3194804191589359,
                -1.5951011180877686,
                7.1293230056762699,
                1.0
            ],
            "children": [
                29
            ]
        },
        {
            "name": "Character1_EyeR_$AssimpFbx$_PreRotation",
            "matrix": [
                1.0,
                0.0,
                0.0,
                0.0,
                0.0,
                -1.0,
                -8.742277657347586e-8,
                0.0,
                0.0,
                8.742277657347586e-8,
                -1.0,
                0.0,
                0.0,
                0.0,
                0.0,
                1.0
            ],
            "children": [
                30
            ]
        },
        {
            "name": "Character1_EyeR",
            "jointName": "Character1_EyeR"
        },
        {
            "name": "Character1_Tail",
            "matrix": [
                1.0,
                0.0,
                0.0,
                0.0,
                0.0,
                0.8480190634727478,
                0.5299657583236694,
                0.0,
                0.0,
                -0.5299657583236694,
                0.8480190634727478,
                0.0,
                0.0,
                0.8311702013015747,
                -6.291267395019531,
                1.0
            ],
            "children": [
                32
            ],
            "jointName": "Character1_Tail"
        },
